time_s,x_m,y_m,z_m
0.0,-0.656,16.33,1.73
0.0006666666666666666,-0.654514548608654,16.30777447778116,1.7308737028415748
0.0013333333333333333,-0.6530301525358779,16.28554895556232,1.7317410858058058
0.002,-0.6515468117816715,16.26332343334348,1.7326021488926928
0.0026666666666666666,-0.6500645263460351,16.24109791112464,1.7334568921022357
0.003333333333333333,-0.6485832962289684,16.2188723889058,1.7343053154344348
0.004,-0.6471031214304716,16.19664686668696,1.7351474188892897
0.004666666666666667,-0.6456240019505446,16.174421344468122,1.7359832024668005
0.005333333333333334,-0.6441459377891874,16.152195822249283,1.7368126661669674
0.006000000000000001,-0.6426689289464,16.129970300030443,1.7376358099897904
0.006666666666666668,-0.6411929754221827,16.107744777811604,1.7384526339352695
0.007333333333333335,-0.639718077216535,16.085519255592764,1.7392631380034047
0.008000000000000002,-0.6382442343294573,16.063293733373925,1.7400673221941958
0.008666666666666668,-0.6367714467609492,16.041068211155082,1.7408651865076428
0.009333333333333334,-0.6352997145110111,16.018842688936243,1.7416567309437458
0.01,-0.6338290375796429,15.996617166717405,1.742441955502505
0.010666666666666666,-0.6323594159668444,15.974391644498565,1.74322086018392
0.011333333333333332,-0.6308908496726159,15.952166122279726,1.7439934449879912
0.011999999999999999,-0.6294233386969571,15.929940600060887,1.7447597099147185
0.012666666666666665,-0.6279568830398681,15.907715077842047,1.7455196549641014
0.01333333333333333,-0.626491482701349,15.885489555623206,1.7462732801361407
0.013999999999999997,-0.6250271376813997,15.863264033404366,1.7470205854308358
0.014666666666666663,-0.6235638479800203,15.841038511185527,1.747761570848187
0.015333333333333329,-0.6221016135972108,15.818812988966688,1.7484962363881944
0.015999999999999997,-0.620640434532971,15.796587466747848,1.7492245820508576
0.016666666666666663,-0.6191803107873012,15.774361944529009,1.749946607836177
0.01733333333333333,-0.6177212423602011,15.75213642231017,1.7506623137441522
0.017999999999999995,-0.6162632292516708,15.72991090009133,1.7513716997747835
0.01866666666666666,-0.6148062714617105,15.70768537787249,1.7520747659280709
0.019333333333333327,-0.6133503689903199,15.68545985565365,1.7527715122040142
0.019999999999999993,-0.6118955218374993,15.663234333434811,1.7534619386026136
0.02066666666666666,-0.6104417300032483,15.641008811215972,1.7541460451238688
0.021333333333333326,-0.6089889934875673,15.618783288997133,1.7548238317677802
0.021999999999999992,-0.6075373122904562,15.596557766778293,1.7554952985343475
0.022666666666666658,-0.6060866864119148,15.574332244559452,1.7561604454235709
0.023333333333333324,-0.6046371158519432,15.552106722340612,1.7568192724354503
0.02399999999999999,-0.6031886006105416,15.529881200121773,1.757471779569986
0.024666666666666656,-0.6017411406877097,15.507655677902934,1.7581179668271774
0.025333333333333322,-0.6002947360834477,15.485430155684094,1.758757834207025
0.02599999999999999,-0.5988493867977555,15.463204633465255,1.7593913817095284
0.026666666666666655,-0.5974050928306331,15.440979111246415,1.760018609334688
0.02733333333333332,-0.5959618541820807,15.418753589027576,1.7606395170825033
0.027999999999999987,-0.594519670852098,15.396528066808736,1.7612541049529749
0.028666666666666653,-0.5930785428406852,15.374302544589897,1.7618623729461023
0.02933333333333332,-0.5916384701478422,15.352077022371057,1.7624643210618858
0.029999999999999985,-0.590199452773569,15.329851500152218,1.7630599493003254
0.03066666666666665,-0.5887614907178658,15.307625977933379,1.763649257661421
0.03133333333333332,-0.5873245839807323,15.285400455714537,1.7642322461451727
0.03199999999999999,-0.5858887325621687,15.263174933495698,1.7648089147515804
0.032666666666666656,-0.5844539364621748,15.240949411276858,1.765379263480644
0.033333333333333326,-0.5830201956807508,15.218723889058019,1.7659432923323637
0.033999999999999996,-0.5815875102178967,15.19649836683918,1.7665010013067393
0.034666666666666665,-0.5801558800736124,15.17427284462034,1.767052390403771
0.035333333333333335,-0.578725305247898,15.1520473224015,1.7675974596234587
0.036000000000000004,-0.5772957857407535,15.129821800182661,1.7681362089658024
0.036666666666666674,-0.5758673215521786,15.107596277963822,1.7686686384308021
0.03733333333333334,-0.5744399126821736,15.08537075574498,1.769194748018458
0.03800000000000001,-0.5730135591307385,15.063145233526141,1.7697145377287695
0.03866666666666668,-0.5715882608978733,15.040919711307302,1.7702280075617374
0.03933333333333335,-0.5701640179835779,15.018694189088462,1.770735157517361
0.04000000000000002,-0.5687408303878524,14.996468666869623,1.771235987595641
0.04066666666666669,-0.5673186981106966,14.974243144650783,1.7717304977965769
0.04133333333333336,-0.5658976211521106,14.952017622431942,1.7722186881201687
0.04200000000000003,-0.5644775995120945,14.929792100213103,1.7727005585664166
0.0426666666666667,-0.5630586331906483,14.907566577994263,1.7731761091353204
0.04333333333333337,-0.561640722187772,14.885341055775424,1.7736453398268803
0.04400000000000004,-0.5602238665034653,14.863115533556584,1.7741082506410963
0.04466666666666671,-0.5588080661377287,14.840890011337745,1.7745648415779682
0.04533333333333338,-0.5573933210905617,14.818664489118905,1.7750151126374962
0.04600000000000005,-0.5559796313619647,14.796438966900066,1.77545906381968
0.04666666666666672,-0.5545669969519376,14.774213444681227,1.77589669512452
0.04733333333333339,-0.5531554178604802,14.751987922462385,1.7763280065520162
0.048000000000000057,-0.5517448940875925,14.729762400243546,1.776752998102168
0.048666666666666726,-0.550335425633275,14.707536878024706,1.777171669774976
0.049333333333333396,-0.5489270124975271,14.685311355805867,1.77758402157044
0.050000000000000065,-0.547519654680349,14.663085833587028,1.77799005348856
0.050666666666666735,-0.5461133521817408,14.640860311368188,1.7783897655293361
0.051333333333333404,-0.5447081050017025,14.618634789149347,1.7787831576927682
0.052000000000000074,-0.543303913140234,14.596409266930507,1.7791702299788563
0.052666666666666744,-0.5419007765973354,14.574183744711668,1.7795509823876003
0.05333333333333341,-0.5404986953730064,14.551958222492829,1.7799254149190005
0.05400000000000008,-0.5390976694672475,14.529732700273989,1.7802935275730567
0.05466666666666675,-0.5376976988800583,14.50750717805515,1.7806553203497688
0.05533333333333342,-0.536298783611439,14.48528165583631,1.781010793249137
0.05600000000000009,-0.5349009236613895,14.46305613361747,1.7813599462711613
0.05666666666666676,-0.5335041190299099,14.44083061139863,1.7817027794158415
0.05733333333333343,-0.532108369717,14.41860508917979,1.7820392926831776
0.0580000000000001,-0.53071367572266,14.39637956696095,1.78236948607317
0.05866666666666677,-0.5293200370468899,14.374154044742111,1.7826933595858183
0.05933333333333344,-0.5279274536896897,14.351928522523272,1.7830109132211223
0.06000000000000011,-0.5265359256510592,14.329703000304432,1.7833221469790825
0.06066666666666678,-0.5251454529309987,14.307477478085591,1.783627060859699
0.06133333333333345,-0.5237560355295079,14.285251955866752,1.7839256548629712
0.06200000000000012,-0.5223676734465869,14.263026433647912,1.7842179289888995
0.06266666666666679,-0.5209803666822357,14.240800911429073,1.784503883237484
0.06333333333333345,-0.5195941152364546,14.218575389210233,1.7847835176087243
0.06400000000000011,-0.518208919109243,14.196349866991394,1.7850568321026206
0.06466666666666677,-0.5168247783006016,14.174124344772554,1.7853238267191731
0.06533333333333344,-0.5154416928105298,14.151898822553715,1.7855845014583815
0.0660000000000001,-0.5140596626390279,14.129673300334876,1.7858388563202459
0.06666666666666676,-0.5126786877860958,14.107447778116036,1.7860868913047663
0.06733333333333343,-0.5112987682517337,14.085222255897197,1.7863286064119426
0.06800000000000009,-0.5099199040359412,14.062996733678357,1.7865640016417752
0.06866666666666675,-0.5085420951387186,14.040771211459518,1.7867930769942637
0.06933333333333341,-0.507165341560066,14.018545689240678,1.787015832469408
0.07000000000000008,-0.5057896432999831,13.996320167021839,1.7872322680672086
0.07066666666666674,-0.5044150003584701,13.974094644803,1.7874423837876652
0.0713333333333334,-0.5030414127355268,13.95186912258416,1.7876461796307779
0.07200000000000006,-0.5016688804311535,13.92964360036532,1.7878436555965465
0.07266666666666673,-0.5002974034453499,13.907418078146481,1.788034811684971
0.07333333333333339,-0.49892698177811634,13.885192555927642,1.7882196478960513
0.07400000000000005,-0.4975576154294524,13.862967033708802,1.788398164229788
0.07466666666666671,-0.4961893043993585,13.840741511489963,1.7885703606861807
0.07533333333333338,-0.49482204868783425,13.818515989271123,1.7887362372652293
0.07600000000000004,-0.49345584829488,13.796290467052284,1.7888957939669339
0.0766666666666667,-0.4920907032204954,13.774064944833444,1.7890490307912947
0.07733333333333337,-0.49072661346468077,13.751839422614605,1.7891959477383113
0.07800000000000003,-0.48936357902743594,13.729613900395766,1.789336544807984
0.07866666666666669,-0.48800159990876096,13.707388378176926,1.7894708220003128
0.07933333333333335,-0.48664067610865586,13.685162855958087,1.7895987793152976
0.08000000000000002,-0.48528080762712056,13.662937333739247,1.7897204167529381
0.08066666666666668,-0.48392199446415507,13.640711811520408,1.789835734313235
0.08133333333333334,-0.4825642366197594,13.618486289301568,1.7899447319961876
0.082,-0.48120753409393363,13.596260767082729,1.7900474098017964
0.08266666666666667,-0.4798518868866776,13.57403524486389,1.7901437677300613
0.08333333333333333,-0.4784972949979916,13.55180972264505,1.7902338057809821
0.08399999999999999,-0.47714375842787526,13.52958420042621,1.790317523954559
0.08466666666666665,-0.47579127717632885,13.507358678207371,1.790394922250792
0.08533333333333332,-0.4744398512433522,13.485133155988532,1.7904660006696809
0.08599999999999998,-0.47308948062894546,13.462907633769692,1.7905307592112256
0.08666666666666664,-0.47174016533310853,13.440682111550853,1.7905891978754265
0.0873333333333333,-0.4703919053558414,13.418456589332013,1.7906413166622834
0.08799999999999997,-0.46904470069714416,13.396231067113174,1.7906871155717963
0.08866666666666663,-0.46769855135701677,13.374005544894334,1.7907265946039652
0.08933333333333329,-0.4663534573354592,13.351780022675495,1.7907597537587903
0.08999999999999996,-0.46500941863247147,13.329554500456656,1.7907865930362714
0.09066666666666662,-0.46366643524805357,13.307328978237816,1.7908071124364084
0.09133333333333328,-0.46232450718220547,13.285103456018977,1.7908213119592014
0.09199999999999994,-0.4609836344349273,13.262877933800137,1.7908291916046502
0.0926666666666666,-0.4596438170062188,13.240652411581298,1.7908307513727553
0.09333333333333327,-0.45830505489608037,13.218426889362458,1.7908259912635163
0.09399999999999993,-0.45696734810451156,13.196201367143619,1.7908149112769334
0.0946666666666666,-0.4556306966315127,13.17397584492478,1.7907975114130066
0.09533333333333326,-0.45429510047708366,13.15175032270594,1.7907737916717357
0.09599999999999992,-0.45296055964122445,13.1295248004871,1.7907437520531209
0.09666666666666658,-0.4516270741239351,13.107299278268261,1.790707392557162
0.09733333333333324,-0.45029464392521557,13.085073756049422,1.7906647131838591
0.0979999999999999,-0.4489632690450659,13.062848233830582,1.7906157139332124
0.09866666666666657,-0.44763294948348603,13.040622711611743,1.7905603948052216
0.09933333333333323,-0.44630368524047603,13.018397189392903,1.7904987557998866
0.0999999999999999,-0.44497547631603585,12.996171667174064,1.7904307969172077
0.10066666666666656,-0.4436483227101655,12.973946144955224,1.790356518157185
0.10133333333333322,-0.442322224422865,12.951720622736385,1.7902759195198183
0.10199999999999988,-0.4409971814541344,12.929495100517546,1.7901890010051076
0.10266666666666655,-0.4396731938039735,12.907269578298706,1.790095762613053
0.10333333333333321,-0.4383502614723826,12.885044056079867,1.7899962043436541
0.10399999999999987,-0.4370283844593614,12.862818533861027,1.7898903261969115
0.10466666666666653,-0.4357075627649101,12.840593011642188,1.789778128172825
0.1053333333333332,-0.43438779638902864,12.818367489423348,1.789659610271394
0.10599999999999986,-0.433069085331717,12.796141967204509,1.7895347724926194
0.10666666666666652,-0.4317514295929752,12.77391644498567,1.789403614836501
0.10733333333333318,-0.43043482917280323,12.75169092276683,1.7892661373030383
0.10799999999999985,-0.4291192840712011,12.72946540054799,1.7891223398922316
0.10866666666666651,-0.42780479428816875,12.707239878329151,1.7889722226040812
0.10933333333333317,-0.4264913598237064,12.685014356110312,1.7888157854385867
0.10999999999999983,-0.42517898067781373,12.662788833891472,1.788653028395748
0.1106666666666665,-0.42386765685049105,12.640563311672633,1.7884839514755655
0.11133333333333316,-0.42255738834173806,12.618337789453793,1.7883085546780388
0.11199999999999982,-0.421248175151555,12.596112267234954,1.7881268380031683
0.11266666666666648,-0.4199400172799417,12.573886745016114,1.7879388014509539
0.11333333333333315,-0.4186329147268983,12.551661222797275,1.7877444450213955
0.11399999999999981,-0.4173268674924247,12.529435700578436,1.787543768714493
0.11466666666666647,-0.416021875576521,12.507210178359596,1.7873367725302465
0.11533333333333314,-0.4147179389791871,12.484984656140757,1.7871234564686562
0.1159999999999998,-0.41341505770042297,12.462759133921917,1.7869038205297219
0.11666666666666646,-0.41211323174022874,12.440533611703078,1.7866778647134434
0.11733333333333312,-0.41081246109860436,12.418308089484238,1.7864455890198208
0.11799999999999979,-0.4095127457755498,12.396082567265399,1.7862069934488547
0.11866666666666645,-0.4082140857710651,12.37385704504656,1.7859620780005443
0.11933333333333311,-0.40691648108515016,12.35163152282772,1.7857108426748898
0.11999999999999977,-0.40561993171780514,12.32940600060888,1.7854532874718916
0.12066666666666644,-0.4043244376690299,12.307180478390041,1.7851894123915493
0.1213333333333331,-0.4030299989388246,12.284954956171202,1.784919217433863
0.12199999999999976,-0.40173661552718903,12.262729433952362,1.7846427025988327
0.12266666666666642,-0.40044428743412336,12.240503911733523,1.7843598678864585
0.12333333333333309,-0.3991530146596275,12.218278389514683,1.7840707132967404
0.12399999999999975,-0.3978627972037015,12.196052867295844,1.7837752388296781
0.12466666666666641,-0.3965736350663453,12.173827345077004,1.7834734444852718
0.12533333333333307,-0.39528552824755897,12.151601822858165,1.7831653302635215
0.12599999999999975,-0.39399847674734245,12.129376300639326,1.7828508961644274
0.12666666666666643,-0.3927124805656958,12.107150778420486,1.7825301421879893
0.1273333333333331,-0.3914275397026189,12.084925256201645,1.7822030683342072
0.12799999999999978,-0.39014365415811186,12.062699733982805,1.781869674603081
0.12866666666666646,-0.38886082393217475,12.040474211763964,1.781529960994611
0.12933333333333313,-0.3875790490248074,12.018248689545125,1.7811839275087968
0.1299999999999998,-0.38629832943600984,11.996023167326285,1.7808315741456386
0.1306666666666665,-0.3850186651657822,11.973797645107446,1.7804729009051365
0.13133333333333316,-0.3837400562141244,11.951572122888606,1.7801079077872906
0.13199999999999984,-0.38246250258103637,11.929346600669765,1.7797365947921007
0.13266666666666652,-0.3811860042665182,11.907121078450926,1.7793589619195664
0.1333333333333332,-0.3799105612705699,11.884895556232085,1.7789750091696885
0.13399999999999987,-0.37863617359319146,11.862670034013245,1.7785847365424665
0.13466666666666655,-0.3773628412343828,11.840444511794406,1.7781881440379006
0.13533333333333322,-0.376090564194144,11.818218989575566,1.7777852316559906
0.1359999999999999,-0.37481934247247506,11.795993467356727,1.7773759993967366
0.13666666666666658,-0.3735491760693759,11.773767945137887,1.7769604472601388
0.13733333333333325,-0.3722800649848466,11.751542422919046,1.7765385752461968
0.13799999999999993,-0.37101200921888716,11.729316900700207,1.776110383354911
0.1386666666666666,-0.3697450087714976,11.707091378481365,1.775675871586281
0.13933333333333328,-0.36847906364267774,11.684865856262526,1.7752350399403072
0.13999999999999996,-0.3672141738324279,11.662640334043687,1.7747878884169892
0.14066666666666663,-0.3659503393407477,11.640414811824847,1.7743344170163275
0.1413333333333333,-0.3646875601676375,11.618189289606008,1.7738746257383218
0.142,-0.36342583631309705,11.595963767387166,1.7734085145829719
0.14266666666666666,-0.3621651677771265,11.573738245168327,1.772936083550278
0.14333333333333334,-0.3609055545597257,11.551512722949486,1.7724573326402404
0.14400000000000002,-0.35964699666089484,11.529287200730646,1.7719722618528586
0.1446666666666667,-0.35838949408063375,11.507061678511807,1.7714808711881327
0.14533333333333337,-0.35713304681894253,11.484836156292968,1.770983160646063
0.14600000000000005,-0.3558776548758211,11.462610634074128,1.7704791302266494
0.14666666666666672,-0.3546233182512696,11.440385111855289,1.7699687799298918
0.1473333333333334,-0.35337003694528785,11.418159589636447,1.76945210975579
0.14800000000000008,-0.352117810957876,11.395934067417608,1.7689291197043442
0.14866666666666675,-0.3508666402890339,11.373708545198767,1.7683998097755547
0.14933333333333343,-0.3496165249387617,11.351483022979927,1.7678641799694208
0.1500000000000001,-0.34836746490705933,11.329257500761088,1.7673222302859435
0.15066666666666678,-0.3471194601939268,11.307031978542248,1.7667739607251216
0.15133333333333346,-0.3458725107993641,11.284806456323409,1.766219371286956
0.15200000000000014,-0.34462661672337125,11.262580934104568,1.7656584619714464
0.1526666666666668,-0.34338177796594826,11.240355411885728,1.7650912327785928
0.1533333333333335,-0.34213799452709504,11.218129889666887,1.7645176837083953
0.15400000000000016,-0.3408952664068117,11.195904367448048,1.7639378147608538
0.15466666666666684,-0.3396535936050982,11.173678845229208,1.7633516259359683
0.15533333333333352,-0.33841297612195453,11.151453323010369,1.7627591172337387
0.1560000000000002,-0.3371734139573807,11.12922780079153,1.7621602886541652
0.15666666666666687,-0.33593490711137675,11.10700227857269,1.7615551401972478
0.15733333333333355,-0.33469745558394254,11.084776756353849,1.7609436718629863
0.15800000000000022,-0.33346105937507825,11.06255123413501,1.7603258836513809
0.1586666666666669,-0.33222571848478377,11.040325711916168,1.7597017755624316
0.15933333333333358,-0.33099143291305916,11.018100189697329,1.7590713475961381
0.16000000000000025,-0.32975820265990435,10.995874667478489,1.7584345997525008
0.16066666666666693,-0.32852602772531936,10.97364914525965,1.7577915320315194
0.1613333333333336,-0.3272949081093043,10.95142362304081,1.757142144433194
0.16200000000000028,-0.32606484381185896,10.92919810082197,1.7564864369575246
0.16266666666666696,-0.3248358348329835,10.90697257860313,1.7558244096045112
0.16333333333333364,-0.3236078811726779,10.884747056384288,1.755156062374154
0.1640000000000003,-0.32238098283094213,10.862521534165449,1.7544813952664526
0.164666666666667,-0.32115513980777616,10.84029601194661,1.7538004082814074
0.16533333333333367,-0.3199303521031801,10.81807048972777,1.7531131014190182
0.16600000000000034,-0.3187066197171538,10.79584496750893,1.752419474679285
0.16666666666666702,-0.3174839426496974,10.773619445290091,1.7517195280622078
0.1673333333333337,-0.3162623209008108,10.75139392307125,1.7510132615677865
0.16800000000000037,-0.31504175447049404,10.72916840085241,1.7503006751960213
0.16866666666666705,-0.31382224335874714,10.70694287863357,1.749581768946912
0.16933333333333372,-0.31260378756557006,10.68471735641473,1.7488565428204588
0.1700000000000004,-0.3113863870909628,10.66249183419589,1.7481249968166617
0.17066666666666708,-0.3101700419349255,10.64026631197705,1.7473871309355204
0.17133333333333375,-0.3089547520974579,10.618040789758211,1.7466429451770353
0.17200000000000043,-0.30774051757856014,10.595815267539372,1.7458924395412063
0.1726666666666671,-0.30652733837823226,10.57358974532053,1.7451356140280332
0.17333333333333378,-0.3053152144964742,10.551364223101691,1.7443724686375162
0.17400000000000046,-0.30410414593328605,10.52913870088285,1.743603003369655
0.17466666666666714,-0.30289413268866766,10.50691317866401,1.74282721822445
0.1753333333333338,-0.3016851747626191,10.484687656445171,1.742045113201901
0.1760000000000005,-0.3004772721551404,10.462462134226332,1.741256688302008
0.17666666666666717,-0.29927042486623157,10.440236612007492,1.740461943524771
0.17733333333333384,-0.2980646328958925,10.418011089788651,1.73966087887019
0.17800000000000052,-0.29685989624412334,10.395785567569812,1.7388534943382647
0.1786666666666672,-0.295656214910924,10.37356004535097,1.738039789928996
0.17933333333333387,-0.2944535888962945,10.351334523132131,1.737219765642383
0.18000000000000055,-0.29325201820023483,10.329109000913292,1.7363934214784262
0.18066666666666722,-0.292051502822745,10.306883478694452,1.735560757437125
0.1813333333333339,-0.29085204276382504,10.284657956475613,1.7347217735184801
0.18200000000000058,-0.2896536380234748,10.262432434256773,1.7338764697224913
0.18266666666666725,-0.28845628860169453,10.240206912037932,1.7330248460491584
0.18333333333333393,-0.28725999449848405,10.217981389819093,1.7321669024984816
0.1840000000000006,-0.2860647557138434,10.195755867600251,1.7313026390704607
0.18466666666666728,-0.28487057224777257,10.173530345381412,1.7304320557650958
0.18533333333333396,-0.2836774441002716,10.151304823162572,1.7295551525823871
0.18600000000000064,-0.2824853712713405,10.129079300943733,1.7286719295223343
0.1866666666666673,-0.2812943537609792,10.106853778724894,1.7277823865849375
0.187333333333334,-0.28010439156918776,10.084628256506052,1.726886523770197
0.18800000000000067,-0.2789154846959661,10.062402734287213,1.725984341078112
0.18866666666666734,-0.2777276331413144,10.040177212068372,1.7250758385086833
0.18933333333333402,-0.27654083690523246,10.017951689849532,1.7241610160619105
0.1900000000000007,-0.2753550959877203,9.995726167630693,1.7232398737377939
0.19066666666666737,-0.2741704103887781,9.973500645411853,1.7223124115363333
0.19133333333333405,-0.27298678010840566,9.951275123193014,1.7213786294575286
0.19200000000000073,-0.2718042051466031,9.929049600974174,1.72043852750138
0.1926666666666674,-0.2706226855033703,9.906824078755333,1.7194921056678873
0.19333333333333408,-0.26944222117870736,9.884598556536494,1.7185393639570508
0.19400000000000076,-0.26826281217261433,9.862373034317653,1.71758030236887
0.19466666666666743,-0.26708445848509105,9.840147512098813,1.7166149209033454
0.1953333333333341,-0.2659071601161377,9.817921989879974,1.715643219560477
0.19600000000000078,-0.26473091706575413,9.795696467661134,1.7146651983402643
0.19666666666666746,-0.2635557293339404,9.773470945442295,1.7136808572427078
0.19733333333333414,-0.26238159692069646,9.751245423223454,1.7126901962678072
0.19800000000000081,-0.26120851982602245,9.729019901004614,1.7116932154155629
0.1986666666666675,-0.26003649804991824,9.706794378785773,1.7106899146859744
0.19933333333333417,-0.2588655315923839,9.684568856566933,1.7096802940790419
0.20000000000000084,-0.2576956204534193,9.662343334348094,1.7086643535947652
0.20066666666666752,-0.2565267646330246,9.640117812129255,1.7076420932331449
0.2013333333333342,-0.2553589641311998,9.617892289910415,1.7066135129941804
0.20200000000000087,-0.25419221894794475,9.595666767691576,1.705578612877872
0.20266666666666755,-0.25302652908325957,9.573441245472734,1.7045373928842196
0.20333333333333423,-0.25186189453714425,9.551215723253895,1.7034898530132232
0.2040000000000009,-0.2506983153095987,9.528990201035054,1.702435993264883
0.20466666666666758,-0.249535791400623,9.506764678816214,1.7013758136391985
0.20533333333333426,-0.2483743228102172,9.484539156597375,1.7003093141361698
0.20600000000000093,-0.2472139095383812,9.462313634378535,1.6992364947557979
0.2066666666666676,-0.24605455158511508,9.440088112159696,1.6981573554980813
0.20733333333333429,-0.24489624895041873,9.417862589940857,1.6970718963630214
0.20800000000000096,-0.24373900163429224,9.395637067722015,1.6959801173506168
0.20866666666666764,-0.24258280963673562,9.373411545503174,1.6948820184608686
0.20933333333333431,-0.2414276729577488,9.351186023284335,1.6937775996937763
0.210000000000001,-0.2402735915973318,9.328960501065495,1.6926668610493403
0.21066666666666767,-0.23912056555548472,9.306734978846656,1.6915498025275597
0.21133333333333434,-0.2379685948322074,9.284509456627816,1.690426424128436
0.21200000000000102,-0.23681767942749998,9.262283934408977,1.6892967258519673
0.2126666666666677,-0.23566781934136236,9.240058412190136,1.6881607076981555
0.21333333333333437,-0.23451901457379454,9.217832889971296,1.687018369666999
0.21400000000000105,-0.23337126512479664,9.195607367752455,1.685869711758499
0.21466666666666773,-0.23222457099436852,9.173381845533616,1.6847147339726547
0.2153333333333344,-0.23107893218251024,9.151156323314776,1.6835534363094669
0.21600000000000108,-0.22993434868922186,9.128930801095937,1.6823858187689344
0.21666666666666776,-0.22879082051450322,9.106705278877097,1.6812118813510588
0.21733333333333443,-0.22764834765835446,9.084479756658258,1.6800316240558384
0.2180000000000011,-0.22650693012077558,9.062254234439417,1.6788450468832745
0.21866666666666779,-0.22536656790176648,9.040028712220577,1.6776521498333663
0.21933333333333446,-0.22422726100132728,9.017803190001736,1.6764529329061146
0.22000000000000114,-0.22308900941945786,8.995577667782896,1.6752473961015184
0.22066666666666782,-0.22195181315615828,8.973352145564057,1.6740355394195785
0.2213333333333345,-0.2208156722114286,8.951126623345218,1.6728173628602945
0.22200000000000117,-0.21968058658526868,8.928901101126378,1.6715928664236661
0.22266666666666785,-0.2185465562776786,8.906675578907537,1.6703620501096945
0.22333333333333452,-0.2174135812886584,8.884450056688697,1.6691249139183788
0.2240000000000012,-0.21628166161820803,8.862224534469856,1.6678814578497185
0.22466666666666787,-0.21515079726632746,8.839999012251017,1.6666316819037146
0.22533333333333455,-0.21402098823301674,8.817773490032177,1.665375586080367
0.22600000000000123,-0.21289223451827596,8.795547967813338,1.6641131703796752
0.2266666666666679,-0.21176453612210494,8.773322445594498,1.6628444348016391
0.22733333333333458,-0.21063789304450373,8.751096923375659,1.6615693793462591
0.22800000000000126,-0.20951230528547235,8.728871401156818,1.6602880040135355
0.22866666666666793,-0.20838777284501084,8.706645878937978,1.6590003088034675
0.2293333333333346,-0.20726429572311925,8.684420356719137,1.657706293716056
0.2300000000000013,-0.20614187391979738,8.662194834500298,1.6564059587513
0.23066666666666796,-0.20502050743504538,8.639969312281458,1.6550993039092003
0.23133333333333464,-0.2039001962688632,8.617743790062619,1.6537863291897565
0.23200000000000132,-0.20278094042125083,8.59551826784378,1.652467034592969
0.232666666666668,-0.20166273989220834,8.573292745624938,1.651141420118837
0.23333333333333467,-0.20054559468173577,8.551067223406099,1.6498094857673615
0.23400000000000135,-0.19942950478983296,8.528841701187257,1.6484712315385417
0.23466666666666802,-0.19831447021649995,8.506616178968418,1.6471266574323782
0.2353333333333347,-0.1972004909617368,8.484390656749579,1.6457757634488703
0.23600000000000138,-0.1960875670255435,8.46216513453074,1.644418549588019
0.23666666666666805,-0.19497569840792014,8.4399396123119,1.6430550158498232
0.23733333333333473,-0.1938648851088665,8.41771409009306,1.6416851622342836
0.2380000000000014,-0.1927551271283827,8.395488567874219,1.6403089887414
0.23866666666666808,-0.19164642446646873,8.37326304565538,1.6389264953711726
0.23933333333333476,-0.19053877712312461,8.351037523436538,1.6375376821236007
0.24000000000000143,-0.1894321850983503,8.328812001217699,1.6361425489986854
0.2406666666666681,-0.18832664839214597,8.30658647899886,1.6347410959964257
0.2413333333333348,-0.1872221670045114,8.28436095678002,1.6333333231168223
0.24200000000000146,-0.18611874093544659,8.262135434561179,1.6319192303598746
0.24266666666666814,-0.18501637018495165,8.23990991234234,1.6304988177255835
0.24333333333333482,-0.18391505475302655,8.2176843901235,1.6290720852139478
0.2440000000000015,-0.1828147946396714,8.19545886790466,1.6276390328249686
0.24466666666666817,-0.18171558984488598,8.17323334568582,1.6261996605586448
0.24533333333333485,-0.1806174403686704,8.15100782346698,1.6247539684149777
0.24600000000000152,-0.17952034621102464,8.12878230124814,1.623301956393966
0.2466666666666682,-0.17842430737194875,8.106556779029301,1.621843624495611
0.24733333333333488,-0.1773293238514428,8.08433125681046,1.6203789727199114
0.24800000000000155,-0.17623539564950655,8.06210573459162,1.6189080010668682
0.24866666666666823,-0.17514252276614015,8.03988021237278,1.6174307095364806
0.2493333333333349,-0.17405070520134358,8.017654690153941,1.6159470981287494
0.25000000000000155,-0.17295994295511696,7.995429167935102,1.614457166843674
0.2506666666666682,-0.17187023602746015,7.9732036457162625,1.6129609156812545
0.25133333333333485,-0.1707815844183731,7.950978123497423,1.6114583446414916
0.2520000000000015,-0.169693988127856,7.928752601278585,1.6099494537243844
0.25266666666666815,-0.16860744715590872,7.906527079059746,1.6084342429299334
0.2533333333333348,-0.16752196150253115,7.8843015568409065,1.6069127122581381
0.25400000000000145,-0.16643753116772358,7.862076034622067,1.6053848617089987
0.2546666666666681,-0.1653541561514858,7.839850512403229,1.603850691282516
0.25533333333333474,-0.16427183645381788,7.81762499018439,1.6023102009786885
0.2560000000000014,-0.16319057207471968,7.7953994679655505,1.6007633907975176
0.25666666666666804,-0.1621103630141914,7.773173945746711,1.5992102607390024
0.2573333333333347,-0.16103120927223302,7.750948423527873,1.597650810803143
0.25800000000000134,-0.15995311084884445,7.728722901309034,1.5960850409899403
0.258666666666668,-0.1588760677440256,7.7064973790901945,1.594512951299393
0.25933333333333464,-0.15780007995777667,7.684271856871355,1.5929345417315024
0.2600000000000013,-0.15672514749009764,7.662046334652517,1.591349812286267
0.26066666666666793,-0.1556512703409884,7.639820812433678,1.5897587629636885
0.2613333333333346,-0.1545784485104489,7.6175952902148385,1.5881613937637653
0.26200000000000123,-0.15350668199847936,7.595369767995999,1.586557704686498
0.2626666666666679,-0.15243597080507965,7.573144245777161,1.5849476957318873
0.26333333333333453,-0.15136631493024977,7.550918723558322,1.5833313668999323
0.2640000000000012,-0.15029771437398964,7.5286932013394825,1.581708718190633
0.2646666666666678,-0.14923016913629944,7.506467679120643,1.5800797496039904
0.2653333333333345,-0.14816367921717907,7.484242156901805,1.5784444611400035
0.2660000000000011,-0.14709824461662857,7.462016634682966,1.5768028527986728
0.2666666666666678,-0.14603386533464777,7.4397911124641265,1.5751549245799978
0.2673333333333344,-0.1449705413712369,7.417565590245287,1.5735006764839792
0.26800000000000107,-0.1439082727263959,7.395340068026449,1.5718401085106164
0.2686666666666677,-0.14284705940012474,7.37311454580761,1.5701732206599093
0.26933333333333437,-0.14178690139242328,7.3508890235887705,1.5685000129318587
0.270000000000001,-0.14072779870329177,7.328663501369933,1.5668204853264638
0.27066666666666767,-0.13966975133273013,7.306437979151093,1.5651346378437254
0.2713333333333343,-0.1386127592807383,7.284212456932254,1.5634424704836425
0.27200000000000096,-0.13755682254731622,7.2619869347134145,1.5617439832462154
0.2726666666666676,-0.13650194113246406,7.239761412494577,1.5600391761314452
0.27333333333333426,-0.13544811503618176,7.217535890275737,1.5583280491393303
0.2740000000000009,-0.1343953442584692,7.195310368056898,1.5566106022698718
0.27466666666666756,-0.13334362879932654,7.1730848458380585,1.5548868355230687
0.2753333333333342,-0.13229296865875376,7.150859323619221,1.553156748898922
0.27600000000000086,-0.13124336383675078,7.128633801400381,1.5514203423974318
0.2766666666666675,-0.1301948143333176,7.106408279181542,1.549677616018597
0.27733333333333415,-0.1291473201484543,7.0841827569627025,1.5479285697624185
0.2780000000000008,-0.12810088128216085,7.061957234743865,1.5461732036288958
0.27866666666666745,-0.12705549773443725,7.039731712525025,1.5444115176180295
0.2793333333333341,-0.12601116950528335,7.017506190306186,1.542643511729819
0.28000000000000075,-0.12496789659469942,6.9952806680873465,1.5408691859642643
0.2806666666666674,-0.12392567900268535,6.973055145868509,1.5390885403213659
0.28133333333333405,-0.12288451672924108,6.950829623649669,1.5373015748011232
0.2820000000000007,-0.12184440977436654,6.92860410143083,1.5355082894035363
0.28266666666666734,-0.12080535813806198,6.9063785792119905,1.5337086841286063
0.283333333333334,-0.11976736182032724,6.884153056993153,1.5319027589763317
0.28400000000000064,-0.11873042082116234,6.861927534774313,1.5300905139467136
0.2846666666666673,-0.11769453514056714,6.839702012555474,1.528271949039751
0.28533333333333394,-0.11665970477854191,6.8174764903366345,1.5264470642554446
0.2860000000000006,-0.11562592973508654,6.795250968117797,1.5246158595937942
0.28666666666666724,-0.11459321001020098,6.773025445898957,1.5227783350547996
0.2873333333333339,-0.11356154560388515,6.750799923680118,1.5209344906384614
0.28800000000000053,-0.11253093651613928,6.7285744014612785,1.519084326344779
0.2886666666666672,-0.11150138274696324,6.706348879242441,1.5172278421737524
0.28933333333333383,-0.11047288429635703,6.684123357023601,1.5153650381253825
0.2900000000000005,-0.10944544116432055,6.661897834804762,1.513495914199668
0.29066666666666713,-0.10841905335085403,6.6396723125859225,1.5116204703966098
0.2913333333333338,-0.10739372085595734,6.617446790367085,1.5097387067162074
0.2920000000000004,-0.10636944367963037,6.595221268148245,1.5078506231584616
0.2926666666666671,-0.10534622182187336,6.572995745929406,1.505956219723371
0.2933333333333337,-0.10432405528268619,6.5507702237105665,1.5040554964109365
0.29400000000000037,-0.10330294406206884,6.528544701491729,1.5021484532211586
0.294666666666667,-0.10228288816002123,6.506319179272889,1.5002350901540362
0.29533333333333367,-0.10126388757654357,6.48409365705405,1.4983154072095703
0.2960000000000003,-0.10024594231163575,6.461868134835212,1.49638940438776
0.29666666666666697,-0.09922905236529776,6.439642612616373,1.4944570816886062
0.2973333333333336,-0.0982132177375295,6.417417090397533,1.492518439112108
0.29800000000000026,-0.09719843842833119,6.395191568178694,1.4905734766582657
0.2986666666666669,-0.09618471443770271,6.372966045959856,1.4886221943270799
0.29933333333333356,-0.09517204576564407,6.350740523741017,1.4866645921185495
0.3000000000000002,-0.09416043241215516,6.328515001522177,1.4847006700326753
0.30066666666666686,-0.09314987437723621,6.306289479303338,1.4827304280694575
0.3013333333333335,-0.09214037166088708,6.2840639570845,1.4807538662288953
0.30200000000000016,-0.09113192426310779,6.261838434865661,1.4787709845109895
0.3026666666666668,-0.09012453218389824,6.239612912646821,1.4767817829157395
0.30333333333333345,-0.08911819542325862,6.217387390427982,1.4747862614431457
0.3040000000000001,-0.08811291398118885,6.195161868209144,1.4727844200932076
0.30466666666666675,-0.08710868785768892,6.172936345990305,1.4707762588659254
0.3053333333333334,-0.0861055170527587,6.150710823771465,1.4687617777612998
0.30600000000000005,-0.08510340156639844,6.128485301552626,1.4667409767793296
0.3066666666666667,-0.08410234139860802,6.106259779333788,1.4647138559200157
0.30733333333333335,-0.08310233654938744,6.084034257114949,1.4626804151833581
0.308,-0.08210338701873658,6.061808734896109,1.4606406545693558
0.30866666666666664,-0.08110549280665567,6.03958321267727,1.4585945740780102
0.3093333333333333,-0.08010865391314459,6.017357690458432,1.4565421737093205
0.30999999999999994,-0.07911287033820324,5.995132168239593,1.4544834534632867
0.3106666666666666,-0.07811814208183185,5.972906646020753,1.4524184133399087
0.31133333333333324,-0.0771244691440303,5.950681123801914,1.4503470533391867
0.3119999999999999,-0.07613185152479858,5.928455601583076,1.4482693734611214
0.31266666666666654,-0.07514028922413658,5.906230079364237,1.4461853737057115
0.3133333333333332,-0.07414978224204453,5.884004557145397,1.444095054072958
0.31399999999999983,-0.07316033057852232,5.861779034926558,1.44199841456286
0.3146666666666665,-0.07217193423356996,5.83955351270772,1.4398954551754182
0.31533333333333313,-0.07118459320718733,5.817327990488881,1.4377861759106327
0.3159999999999998,-0.07019830749937463,5.795102468270041,1.4356705767685027
0.31666666666666643,-0.06921307711013178,5.772876946051202,1.4335486577490295
0.3173333333333331,-0.06822890203945875,5.750651423832364,1.4314204188522117
0.3179999999999997,-0.06724578228735545,5.728425901613525,1.4292858600780498
0.3186666666666664,-0.06626371785382211,5.706200379394685,1.4271449814265444
0.319333333333333,-0.06528270873885861,5.683974857175846,1.4249977828976947
0.3199999999999997,-0.06430275494246494,5.661749334957008,1.4228442644915014
0.3206666666666663,-0.063323856464641,5.639523812738169,1.4206844262079636
0.32133333333333297,-0.062346013305387,5.617298290519329,1.4185182680470825
0.3219999999999996,-0.061369225464702845,5.59507276830049,1.4163457900088567
0.32266666666666627,-0.06039349294258854,5.572847246081652,1.414166992093287
0.3233333333333329,-0.05941881573904394,5.550621723862813,1.4119818743003738
0.32399999999999957,-0.058445193854069294,5.528396201643973,1.4097904366301162
0.3246666666666662,-0.0574726272876645,5.506170679425136,1.4075926790825144
0.32533333333333286,-0.05650111603982952,5.483945157206296,1.4053886016575694
0.3259999999999995,-0.05553066011056429,5.461719634987457,1.4031782043552796
0.32666666666666616,-0.05456125949986901,5.439494112768617,1.4009614871756464
0.3273333333333328,-0.053592914207743536,5.41726859054978,1.3987384501186688
0.32799999999999946,-0.05262562423418782,5.39504306833094,1.3965090931843478
0.3286666666666661,-0.05165938957920205,5.372817546112101,1.3942734163726822
0.32933333333333276,-0.050694210242786086,5.350592023893261,1.3920314196836725
0.3299999999999994,-0.04973008622493999,5.328366501674424,1.3897831031173196
0.33066666666666605,-0.04876701752566362,5.306140979455584,1.387528466673622
0.3313333333333327,-0.04780500414495717,5.283915457236745,1.385267510352581
0.33199999999999935,-0.04684404608282061,5.261689935017905,1.3830002341541956
0.332666666666666,-0.045884143339253836,5.239464412799068,1.3807266380784662
0.33333333333333265,-0.04492529591425684,5.217238890580228,1.378446722125393
0.3339999999999993,-0.04396750380782974,5.195013368361389,1.3761604862949757
0.33466666666666595,-0.0430107670199725,5.172787846142549,1.3738679305872146
0.3353333333333326,-0.0420550855506851,5.150562323923712,1.3715690550021093
0.33599999999999924,-0.041100459399967426,5.128336801704872,1.36926385953966
0.3366666666666659,-0.0401468885678197,5.106111279486033,1.366952344199867
0.33733333333333254,-0.03919437305424181,5.083885757267193,1.3646345089827296
0.3379999999999992,-0.03824291285923376,5.061660235048356,1.3623103538882488
0.33866666666666584,-0.03729250798279546,5.039434712829516,1.3599798789164235
0.3393333333333325,-0.03634315842492705,5.017209190610677,1.3576430840672546
0.33999999999999914,-0.03539486418562854,4.994983668391837,1.3552999693407415
0.3406666666666658,-0.034447625264899834,4.972758146173,1.352950534736884
0.34133333333333243,-0.033501441662740855,4.95053262395416,1.3505947802556832
0.3419999999999991,-0.032556313379151824,4.928307101735321,1.348232705897138
0.34266666666666573,-0.03161224041413263,4.906081579516481,1.345864311661249
0.3433333333333324,-0.030669222767683302,4.883856057297644,1.343489597548016
0.34399999999999903,-0.02972726043980367,4.861630535078804,1.341108563557439
0.3446666666666657,-0.028786353430494016,4.839405012859965,1.3387212096895182
0.3453333333333323,-0.02784650173975417,4.817179490641125,1.336327535944253
0.345999999999999,-0.02690770536758405,4.794953968422288,1.3339275423216441
0.3466666666666656,-0.02596996431398388,4.772728446203448,1.3315212288216913
0.3473333333333323,-0.02503327857895357,4.750502923984609,1.329108595444394
0.3479999999999989,-0.0240976481624931,4.728277401765769,1.3266896421897534
0.34866666666666557,-0.02316307306460233,4.706051879546932,1.3242643690577682
0.3493333333333322,-0.022229553285281534,4.683826357328092,1.3218327760484396
0.34999999999999887,-0.021297088824530547,4.661600835109253,1.3193948631617667
0.3506666666666655,-0.020365679682349425,4.639375312890415,1.3169506303977496
0.35133333333333217,-0.019435325858738,4.617149790671576,1.314500077756389
0.3519999999999988,-0.018506027353696552,4.594924268452736,1.312043205237684
0.35266666666666546,-0.01757778416722494,4.572698746233897,1.3095800128416355
0.3533333333333321,-0.01665059629932314,4.550473224015059,1.3071105005682426
0.35399999999999876,-0.01572446374999109,4.52824770179622,1.3046346684175056
0.3546666666666654,-0.01479938651922899,4.50602217957738,1.302152516389425
0.35533333333333206,-0.0138753646070367,4.483796657358541,1.2996640444840004
0.3559999999999987,-0.012952398013414274,4.461571135139703,1.2971692527012317
0.35666666666666536,-0.012030486738361545,4.439345612920864,1.294668141041119
0.357333333333332,-0.011109630781878821,4.417120090702024,1.2921607095036625
0.35799999999999865,-0.010189830143965878,4.394894568483185,1.2896469580888617
0.3586666666666653,-0.009271084824622827,4.372669046264347,1.2871268867967167
0.35933333333333195,-0.008353394823849475,4.350443524045508,1.2846004956272283
0.3599999999999986,-0.007436760141646043,4.328218001826668,1.2820677845803956
0.36066666666666525,-0.006521180778012475,4.305992479607829,1.2795287536562188
0.3613333333333319,-0.005606656732948773,4.283766957388991,1.2769834028546985
0.36199999999999855,-0.0046931880064547404,4.261541435170152,1.2744317321758338
0.3626666666666652,-0.003780774598530684,4.239315912951312,1.2718737416196255
0.36333333333333184,-0.0028694165091764645,4.217090390732473,1.2693094311860729
0.3639999999999985,-0.001959113738391971,4.194864868513635,1.2667388008751765
0.36466666666666514,-0.0010498662861774533,4.172639346294796,1.2641618506869357
0.3653333333333318,-0.00014167415253271698,4.150413824075956,1.261578580621351
0.36599999999999844,0.0007654626625421268,4.128188301857117,1.2589889906784228
0.3666666666666651,0.0016715441590472724,4.105962779638279,1.2563930808581503
0.36733333333333174,0.00257657033698247,4.08373725741944,1.2537908511605336
0.3679999999999984,0.003480541196347803,4.0615117352006,1.2511823015855734
0.36866666666666503,0.004383456737143326,4.039286212981761,1.2485674321332687
0.3693333333333317,0.005285316959369124,4.017060690762923,1.2459462428036208
0.36999999999999833,0.006186121863024946,3.9948351685440837,1.243318733596628
0.370666666666665,0.007085871448110959,3.9726096463252443,1.240684904512292
0.3713333333333316,0.007984565714627134,3.950384124106405,1.2380447555506116
0.3719999999999983,0.008882204662573556,3.928158601887567,1.235398286711587
0.3726666666666649,0.009778788291950058,3.9059330796687277,1.2327454979952188
0.3733333333333316,0.010674316602756723,3.8837075574498883,1.2300863894015066
0.3739999999999982,0.011568789594993523,3.861482035231049,1.2274209609304503
0.37466666666666487,0.012462207268660624,3.839256513012211,1.22474921258205
0.3753333333333315,0.01335456962375775,3.8170309907933717,1.2220711443563055
0.37599999999999817,0.014245876660285067,3.7948054685745323,1.2193867562532177
0.3766666666666648,0.01513612837824252,3.772579946355693,1.216696048272785
0.37733333333333147,0.016025324777630245,3.750354424136855,1.2139990204150093
0.3779999999999981,0.01691346585844805,3.7281289019180157,1.211295672679889
0.37866666666666476,0.017800551620695992,3.7059033796991763,1.2085860050674244
0.3793333333333314,0.018686582064374124,3.6836778574803386,1.2058700175776167
0.37999999999999806,0.019571557189482502,3.661452335261499,1.2031477102104642
0.3806666666666647,0.020455476996020933,3.6392268130426597,1.2004190829659684
0.38133333333333136,0.021338341483989526,3.6170012908238203,1.1976841358441281
0.381999999999998,0.02222015065338831,3.5947757686049826,1.1949428688449444
0.38266666666666466,0.023100904504217312,3.572550246386143,1.1921952819684158
0.3833333333333313,0.023980603036476422,3.5503247241673037,1.1894413752145439
0.38399999999999795,0.024859246250165667,3.5280992019484643,1.186681148583328
0.3846666666666646,0.025736834145285187,3.5058736797296266,1.1839146020747677
0.38533333333333125,0.026613366721834758,3.483648157510787,1.1811417356888634
0.3859999999999979,0.027488843979814492,3.4614226352919477,1.1783625494256158
0.38666666666666455,0.02836326591922439,3.4391971130731083,1.1755770432850237
0.3873333333333312,0.02923663254006459,3.4169715908542706,1.172785217267088
0.38799999999999785,0.030108943842334812,3.394746068635431,1.169987071371808
0.3886666666666645,0.03098019982603517,3.3725205464165917,1.167182605599184
0.38933333333333114,0.03185040049116572,3.3502950241977523,1.164371819949216
0.3899999999999978,0.032719545837726516,3.3280695019789146,1.1615547144219038
0.39066666666666444,0.03358763586571742,3.305843979760075,1.1587312890172483
0.3913333333333311,0.03445467057513846,3.2836184575412357,1.1559015437352482
0.39199999999999774,0.03532064996598966,3.2613929353223963,1.1530654785759042
0.3926666666666644,0.03618557403827111,3.2391674131035586,1.1502230935392166
0.39333333333333104,0.037049442791982634,3.216941890884719,1.147374388625185
0.3939999999999977,0.037912256227124325,3.1947163686658797,1.1445193638338091
0.39466666666666433,0.03877401434369615,3.1724908464470403,1.1416580191650891
0.395333333333331,0.03963471714169828,3.1502653242282026,1.1387903546190254
0.39599999999999763,0.04049436462113046,3.128039802009363,1.1359163701956176
0.3966666666666643,0.0413529567819928,3.1058142797905237,1.1330360658948657
0.39733333333333093,0.04221049362428528,3.0835887575716843,1.1301494417167703
0.3979999999999976,0.04306697514800806,3.0613632353528466,1.1272564976613304
0.3986666666666642,0.04392240135316086,3.039137713134007,1.124357233728547
0.3993333333333309,0.044776772239743856,3.0169121909151677,1.121451649918419
0.3999999999999975,0.045630087807756986,2.9946866686963283,1.1185397462309477
0.4006666666666642,0.04648234805720042,2.9724611464774906,1.115621522666132
0.4013333333333308,0.047333552988073874,2.950235624258651,1.112696979223972
0.40199999999999747,0.04818370260037752,2.9280101020398117,1.1097661159044687
0.4026666666666641,0.04903279689411141,2.9057845798209723,1.1068289327076208
0.40333333333333077,0.049880835869275386,2.8835590576021346,1.103885429633429
0.4039999999999974,0.050727819525869494,2.861333535383295,1.1009356066818938
0.40466666666666407,0.051573747863893765,2.8391080131644557,1.097979463853014
0.4053333333333307,0.05241862088334834,2.816882490945618,1.0950170011467908
0.40599999999999736,0.053262438584232935,2.7946569687267786,1.0920482185632232
0.406666666666664,0.054105200966547695,2.772431446507939,1.0890731161023117
0.40733333333333066,0.054946908030292646,2.7502059242890997,1.0860916937640561
0.4079999999999973,0.055787559775467815,2.727980402070262,1.0831039515484564
0.40866666666666396,0.056627156202073065,2.7057548798514226,1.0801098894555132
0.4093333333333306,0.057465697310108504,2.683529357632583,1.0771095074852257
0.40999999999999726,0.05830318309957408,2.6613038354137437,1.074102805637594
0.4106666666666639,0.05913961357046996,2.639078313194906,1.071089783912619
0.41133333333333055,0.05997498872279583,2.6168527909760666,1.0680704423102998
0.4119999999999972,0.060809308556551894,2.594627268757227,1.0650447808306363
0.41266666666666385,0.06164257307173812,2.5724017465383877,1.0620127994736286
0.4133333333333305,0.06247478226835462,2.55017622431955,1.0589744982392775
0.41399999999999715,0.0633059361464012,2.5279507021007106,1.055929877127582
0.4146666666666638,0.06413603470587789,2.505725179881871,1.0528789361385424
0.41533333333333045,0.0649650779467848,2.4834996576630317,1.0498216752721596
0.4159999999999971,0.06579306586912193,2.461274135444194,1.046758094528432
0.41666666666666374,0.06661999847288913,2.4390486132253546,1.0436881939073612
0.4173333333333304,0.06744587575808647,2.416823091006515,1.0406119734089456
0.41799999999999704,0.06827069772471403,2.3945975687876757,1.0375294330331868
0.4186666666666637,0.06909446437277181,2.372372046568838,1.0344405727800832
0.41933333333333034,0.06991717570225967,2.3501465243499986,1.0313453926496359
0.419999999999997,0.07073883171317769,2.327921002131159,1.028243892641845
0.42066666666666364,0.07155943240552598,2.3056954799123197,1.0251360727567096
0.4213333333333303,0.07237897777930433,2.283469957693482,1.0220219329942304
0.42199999999999693,0.07319746783451281,2.2612444354746426,1.0189014733544075
0.4226666666666636,0.07401490257115145,2.239018913255803,1.01577469383724
0.42333333333333023,0.0748312819892204,2.2167933910369637,1.0126415944427292
0.4239999999999969,0.0756466060887194,2.194567868818126,1.009502175170874
0.42466666666666353,0.07646087486964856,2.1723423465992866,1.0063564360216752
0.4253333333333302,0.07727408833200786,2.150116824380447,1.003204376995132
0.4259999999999968,0.07808624647579743,2.1278913021616077,1.0000459980912446
0.4266666666666635,0.07889734930101705,2.10566577994277,0.9968812993100138
0.4273333333333301,0.07970739680766686,2.0834402577239306,0.9937102806514386
0.42799999999999677,0.08051638899574684,2.061214735505091,0.9905329421155196
0.4286666666666634,0.08132432586525709,2.0389892132862517,0.9873492837022568
0.42933333333333007,0.08213120741619737,2.016763691067414,0.9841593054116498
0.4299999999999967,0.0829370336485678,1.9945381688485746,0.980963007243699
0.43066666666666337,0.0837418045623684,1.9723126466297352,0.9777603891984039
0.43133333333333,0.08454552015759931,1.9500871244108975,0.9745514512757654
0.43199999999999666,0.0853481804342602,1.927861602192058,0.971336193475782
0.4326666666666633,0.08614978539235132,1.9056360799732186,0.968114615798455
0.43333333333332996,0.08695033503187258,1.8834105577543792,0.9648867182437846
0.4339999999999966,0.08774982935282413,1.8611850355355415,0.9616525008117696
0.43466666666666326,0.08854826835520571,1.838959513316702,0.9584119635024104
0.4353333333333299,0.08934565203901743,1.8167339910978626,0.9551651063157078
0.43599999999999656,0.09014198040425936,1.7945084688790232,0.9519119292516613
0.4366666666666632,0.09093725345093154,1.7722829466601855,0.9486524323102703
0.43733333333332985,0.09173147117903377,1.750057424441346,0.9453866154915354
0.4379999999999965,0.09252463358856616,1.7278319022225066,0.942114478795457
0.43866666666666315,0.09331674067952886,1.7056063800036672,0.938836022222034
0.4393333333333298,0.09410779245192155,1.6833808577848295,0.9355512457712671
0.43999999999999645,0.09489778890574443,1.66115533556599,0.9322601494431566
0.4406666666666631,0.09568673004099745,1.6389298133471506,0.9289627332377017
0.44133333333332975,0.09647461585768077,1.6167042911283112,0.9256589971549032
0.4419999999999964,0.09726144635579417,1.5944787689094735,0.9223489411947605
0.44266666666666304,0.09804722153533771,1.572253246690634,0.9190325653572742
0.4433333333333297,0.09883194139631138,1.5500277244717946,0.9157098696424433
0.44399999999999634,0.09961560593871535,1.5278022022529552,0.9123808540502685
0.444666666666663,0.10039821516254938,1.5055766800341175,0.90904551858075
0.44533333333332964,0.10117976906781356,1.483351157815278,0.9057038632338874
0.4459999999999963,0.10196026765450791,1.4611256355964386,0.9023558880096807
0.44666666666666294,0.10273971092263251,1.4389001133775992,0.8990015929081303
0.4473333333333296,0.10351809887218719,1.4166745911587615,0.8956409779292356
0.44799999999999623,0.104295431503172,1.394449068939922,0.8922740430729974
0.4486666666666629,0.10507170881558711,1.3722235467210826,0.8889007883394147
0.44933333333332953,0.10584693080943217,1.3499980245022432,0.8855212137284885
0.4499999999999962,0.10662109748470758,1.3277725022834055,0.8821353192402177
0.45066666666666283,0.10739420884141318,1.305546980064566,0.8787431048746033
0.4513333333333295,0.10816626487954872,1.2833214578457266,0.875344570631645
0.4519999999999961,0.10893726559911462,1.2610959356268872,0.8719397165113425
0.4526666666666628,0.10970721100011047,1.2388704134080495,0.8685285425136957
0.4533333333333294,0.11047610108253672,1.21664489118921,0.8651110486387057
0.4539999999999961,0.11124393584639311,1.1944193689703706,0.8616872348863716
0.4546666666666627,0.11201071529167944,1.1721938467515312,0.8582571012566929
0.45533333333332937,0.11277643941839618,1.1499683245326935,0.8548206477496705
0.455999999999996,0.11354110822654306,1.127742802313854,0.8513778743653044
0.45666666666666267,0.11430472171611991,1.1055172800950146,0.847928781103594
0.4573333333333293,0.11506727988712712,1.0832917578761752,0.8444733679645395
0.45799999999999597,0.11582878273956448,1.0610662356573375,0.8410116349481414
0.4586666666666626,0.1165892302734318,1.038840713438498,0.8375435820543988
0.45933333333332926,0.11734862248872951,1.0166151912196586,0.8340692092833131
0.4599999999999959,0.11810695938545718,0.9943896690008209,0.8305885166348825
0.46066666666666256,0.11886424096361514,0.9721641467819815,0.8271015041091085
0.4613333333333292,0.11962046722320335,0.949938624563142,0.8236081717059904
0.46199999999999586,0.12037563816422148,0.9277131023443026,0.820108519425528
0.4626666666666625,0.12112975378667001,0.9054875801254649,0.8166025472677221
0.46333333333332916,0.12188281409054869,0.8832620579066255,0.8130902552325716
0.4639999999999958,0.12263481907585727,0.861036535687786,0.8095716433200775
0.46466666666666245,0.12338576874259627,0.8388110134689466,0.8060467115302394
0.4653333333333291,0.12413566309076524,0.8165854912501089,0.8025154598630571
0.46599999999999575,0.12488450212036456,0.7943599690312695,0.7989778883185312
0.4666666666666624,0.12563228583139402,0.77213444681243,0.795433996896661
0.46733333333332905,0.12637901422385345,0.7499089245935906,0.7918837855974474
0.4679999999999957,0.1271246872977433,0.7276834023747529,0.788327254420889
0.46866666666666235,0.1278693050530632,0.7054578801559135,0.7847644033669869
0.469333333333329,0.12861286748981315,0.683232357937074,0.7811952324357412
0.46999999999999564,0.12935537460799346,0.6610068357182346,0.7776197416271509
0.4706666666666623,0.13009682640760367,0.6387813134993969,0.7740379309412169
0.47133333333332894,0.1308372228886443,0.6165557912805575,0.7704498003779392
0.4719999999999956,0.13157656405111506,0.594330269061718,0.7668553499373174
0.47266666666666224,0.1323148498950158,0.5721047468428786,0.7632545796193513
0.4733333333333289,0.13305208042034689,0.5498792246240409,0.7596474894240413
0.47399999999999554,0.13378825562710817,0.5276537024052015,0.7560340793513876
0.4746666666666622,0.13452337551529941,0.505428180186362,0.7524143494013895
0.47533333333332883,0.13525744008492102,0.4832026579675226,0.7487882995740476
0.4759999999999955,0.13599044933597276,0.46097713574868493,0.745155929869362
0.47666666666666213,0.13672240326845447,0.4387516135298455,0.7415172402873318
0.4773333333333288,0.13745330188236654,0.41652609131100604,0.7378722308279584
0.47799999999999543,0.13818314517770852,0.3943005690921666,0.7342209014912402
0.4786666666666621,0.13891193315448097,0.37207504687332893,0.730563252277179
0.4793333333333287,0.13963966581268356,0.3498495246544895,0.726899283185773
0.4799999999999954,0.14036634315231605,0.3276240024356518,0.7232289942170229
0.480666666666662,0.14109196517337896,0.3053984802168124,0.7195523853709296
0.4813333333333287,0.141816531875872,0.28317295799797293,0.7158694566474915
0.4819999999999953,0.14254004325979502,0.2609474357791335,0.7121802080467097
0.48266666666666197,0.1432624993251484,0.23872191356029404,0.7084846395685842
0.4833333333333286,0.14398390007193168,0.2164963913414546,0.7047827512131144
0.48399999999999527,0.14470424550014538,0.19427086912261515,0.7010745429803009
0.4846666666666619,0.14542353560978927,0.1720453469037757,0.6973600148701431
0.48533333333332856,0.14614177040086307,0.14981982468493982,0.6936391668826418
0.4859999999999952,0.14685894987336723,0.12759430246610037,0.689911999017796
0.48666666666666186,0.14757507402730158,0.10536878024726093,0.6861785112756063
0.4873333333333285,0.1482901428626659,0.08314325802842149,0.6824387036560728
0.48799999999999516,0.14900415637946057,0.06091773580958204,0.6786925761591951
0.4886666666666618,0.14971711457768522,0.0386922135907426,0.6749401287849734
0.48933333333332846,0.15042901745734022,0.016466691371903153,0.6711813615334081
0.4899999999999951,0.15113986501842536,-0.005758830846932739,0.6674162744044985
0.49066666666666175,0.15184965726094046,-0.027984353065772183,0.6636448673982451
0.4913333333333284,0.15255839418488598,-0.05020987528461163,0.6598671405146477
0.49199999999999505,0.15326607579026158,-0.07243539750345107,0.6560830937537063
0.4926666666666617,0.1539727020770672,-0.09466091972229052,0.6522927271154209
0.49333333333332835,0.15467827304530318,-0.11688644194112996,0.648496040599791
0.493999999999995,0.15538278869496935,-0.1391119641599694,0.644693034206818
0.49466666666666165,0.15608624902606544,-0.16133748637880885,0.6408837079365004
0.4953333333333283,0.15678865403859188,-0.18356300859764474,0.6370680617888389
0.49599999999999494,0.1574900037325483,-0.20578853081648418,0.6332460957638337
0.4966666666666616,0.15819029810793506,-0.22801405303532363,0.6294178098614844
0.49733333333332824,0.15888953716475201,-0.25023957525416307,0.6255832040817912
0.4979999999999949,0.1595877209029989,-0.2724650974730025,0.6217422784247535
0.49866666666666154,0.16028484932267617,-0.29469061969184196,0.6178950328903725
0.4993333333333282,0.16098092242378365,-0.3169161419106814,0.6140414674786472
0.49999999999999484,0.16167594020632098,-0.33914166412952085,0.6101815821895775
0.5006666666666615,0.16236990267028878,-0.36136718634835674,0.6063153770231648
0.5013333333333282,0.1630628098156866,-0.38359270856719974,0.6024428519794072
0.5019999999999949,0.16375466164251462,-0.4058182307860392,0.5985640070583051
0.5026666666666616,0.16444545815077283,-0.4280437530048822,0.5946788422598597
0.5033333333333283,0.1651351993404614,-0.4502692752237216,0.5907873575840703
0.503999999999995,0.16582388521157992,-0.47249479744256107,0.586889553030937
0.5046666666666617,0.1665115157641286,-0.49472031966140406,0.5829854286004592
0.5053333333333284,0.1671980909981074,-0.5169458418802435,0.5790749842926379
0.5059999999999951,0.1678836109135164,-0.5391713640990865,0.5751582201074723
0.5066666666666618,0.16856807551035552,-0.561396886317926,0.5712351360449628
0.5073333333333285,0.16925148478862506,-0.5836224085367654,0.5673057321051096
0.5079999999999952,0.16993383874832463,-0.6058479307556084,0.5633700082879123
0.5086666666666619,0.17061513738945422,-0.6280734529744478,0.5594279645933709
0.5093333333333286,0.171295380712014,-0.6502989751932908,0.5554796010214851
0.5099999999999953,0.17197456871600397,-0.6725244974121303,0.5515249175722559
0.510666666666662,0.17265270140142436,-0.6947500196309697,0.547563914245683
0.5113333333333288,0.17332977876827466,-0.7169755418498127,0.5435965910417653
0.5119999999999955,0.1740058008165551,-0.7392010640686522,0.5396229479605039
0.5126666666666622,0.17468076754626566,-0.7614265862874916,0.5356429850018984
0.5133333333333289,0.17535467895740647,-0.7836521085063346,0.5316567021659493
0.5139999999999956,0.17602753504997765,-0.805877630725174,0.527664099452656
0.5146666666666623,0.17669933582397873,-0.828103152944017,0.5236651768620186
0.515333333333329,0.17737008127941,-0.8503286751628565,0.5196599343940373
0.5159999999999957,0.17803977141627142,-0.8725541973816959,0.5156483720487122
0.5166666666666624,0.17870840623456297,-0.8947797196005389,0.5116304898260431
0.5173333333333291,0.17937598573428482,-0.9170052418193784,0.5076062877260299
0.5179999999999958,0.1800425099154369,-0.9392307640382214,0.5035757657486728
0.5186666666666625,0.18070797877801897,-0.9614562862570608,0.4995389238939716
0.5193333333333292,0.18137239232203117,-0.9836818084759003,0.49549576216192626
0.5199999999999959,0.18203575054747356,-1.0059073306947433,0.49144628055253725
